QueryId,DocumentId
1,78
1,78
1,74
1,53
1,51
1,68
1,7
1,58
1,44
1,37726
2,165
2,190
2,190
2,131
2,129
2,167
2,153
2,166
2,160
2,180
3,228
3,271
3,249
3,249
3,242
3,217
3,266
3,198
3,235
3,289
4,354
4,382
4,303
4,360
4,359
4,383
4,353
4,377
4,319
4,365
5,418
5,444
5,487
5,461
5,414
5,403
5,415
5,454
5,480
5,485
6,539
6,568
6,549
6,578
6,540
6,537
6,529
6,503
6,529
6,570
7,636
7,629
7,629
7,645
7,642
7,696
7,696
7,674
7,615
7,628
8,774
8,775
8,707
8,707
8,763
8,726
8,731
8,788
8,806
8,731
9,899
9,814
9,849
9,902
9,843
9,827
9,849
9,887
9,895
9,881
10,930
10,913
10,932
10,985
10,903
10,985
10,995
10,995
10,977
10,927
11,1056
11,1023
11,1040
11,1015
11,1043
11,1061
11,1057
11,1088
11,1091
11,1026
12,1177
12,1194
12,1112
12,1117
12,1152
12,1144
12,1138
12,1108
12,1109
12,1157
13,1295
13,1255
13,1207
13,1207
13,1255
13,1224
13,1294
13,1279
13,1259
13,1232
14,1373
14,1386
14,1364
14,1328
14,1312
14,1389
14,1324
14,1325
14,1385
14,1378
15,1449
15,1476
15,1432
15,1426
15,1486
15,1456
15,1451
15,1499
15,1444
15,1409
16,1523
16,1553
16,1543
16,1583
16,1508
16,1504
16,1577
16,36949
16,1538
16,14608
17,1681
17,1681
17,1659
17,1696
17,1697
17,24461
17,1654
17,1622
17,1656
17,1651
18,1734
18,1748
18,1741
18,1712
18,1729
18,1781
18,1731
18,1775
18,1727
18,1720
19,1836
19,1794
19,1864
19,1866
19,1870
19,1807
19,1798
19,1808
19,1874
19,1797
20,1897
20,1956
20,1901
20,1909
20,1968
20,1897
20,1972
20,1939
20,1922
20,1975
21,1984
21,2061
21,2025
21,2056
21,1989
21,2073
21,1989
21,2060
21,2046
21,2050
22,2131
22,2157
22,2142
22,2131
22,2082
22,2085
22,2117
22,2092
22,2159
22,2115
23,2216
23,2211
23,2252
23,2212
23,2224
23,2212
23,2249
23,2196
23,2259
23,2229
24,2388
24,2355
24,2344
24,2322
24,2366
24,2327
24,2285
24,2384
24,2381
24,2356
25,2454
25,2474
25,2404
25,2406
25,2465
25,2401
25,2439
25,2413
25,2405
25,2459
26,2529
26,2526
26,2551
26,2551
26,2585
26,2509
26,2506
26,2555
26,2500
26,2503
27,2656
27,2612
27,2598
27,2673
27,2673
27,2620
27,2598
27,2624
27,2652
27,2632
28,2681
28,2681
28,2701
28,2719
28,2717
28,2757
28,2710
28,2691
28,2769
28,2771
29,2774
29,2779
29,2789
29,2849
29,2838
29,2851
29,2780
29,2821
29,2868
29,2815
30,2947
30,2895
30,2940
30,2895
30,2950
30,2934
30,2912
30,2881
30,2918
30,7890
31,3036
31,3055
31,2994
31,3020
31,3020
31,3035
31,3077
31,3074
31,3037
31,3031
32,3171
32,3147
32,3100
32,3164
32,3120
32,3114
32,3143
32,3105
32,3122
32,3149
33,3270
33,3238
33,3197
33,3249
33,3264
33,3195
33,3257
33,3204
33,3225
33,3202
34,3338
34,3331
34,3339
34,3297
34,3337
34,3335
34,3349
34,3341
34,3359
34,3347
35,3395
35,3434
35,3438
35,3381
35,3380
35,3417
35,3400
35,3419
35,3443
35,3427
36,3525
36,3484
36,3511
36,3484
36,3525
36,3472
36,3534
36,3468
36,3509
36,3472
37,3583
37,3623
37,3624
37,3621
37,3628
37,3601
37,3577
37,3619
37,3640
37,3564
38,3680
38,3667
38,3690
38,3697
38,3690
38,3696
38,3683
38,3692
38,3696
38,3666
39,3705
39,3713
39,3709
39,3708
39,3713
39,3726
39,3728
39,3728
39,3718
39,3724
40,3794
40,3828
40,3734
40,3826
40,3803
40,3770
40,3830
40,3795
40,3750
40,3829
41,3869
41,3840
41,3861
41,3891
41,3869
41,3848
41,3844
41,3844
41,3876
41,3920
42,4022
42,3948
42,3992
42,3985
42,3976
42,3934
42,4011
42,3976
42,3986
42,3979
43,4045
43,4104
43,4116
43,4069
43,4085
43,4052
43,4062
43,4079
43,4060
43,4079
44,4159
44,4165
44,4137
44,4208
44,4215
44,4175
44,4165
44,4159
44,4157
44,4171
45,4301
45,4301
45,4313
45,4236
45,4265
45,4243
45,4251
45,4292
45,4304
45,4285
46,4354
46,4347
46,4406
46,4346
46,4348
46,4421
46,4370
46,4362
46,4334
46,4399
47,36440
47,4490
47,4460
47,4457
47,4491
47,4456
47,4491
47,4446
47,4440
47,4509
48,4554
48,4573
48,4568
48,4531
48,4543
48,4594
48,4581
48,4566
48,4550
48,4556
49,4677
49,4688
49,4672
49,4699
49,4694
49,4695
49,4679
49,4696
49,4697
49,4674
50,4798
50,4741
50,4781
50,4745
50,4820
50,4825
50,4825
50,4777
50,4786
50,4786
51,4841
51,4866
51,4854
51,4882
51,4872
51,4911
51,4880
51,4878
51,4905
51,4913
52,5030
52,4953
52,5010
52,4966
52,4954
52,4974
52,4956
52,4952
52,5021
52,5005
53,5093
53,5094
53,12757
53,5127
53,5061
53,5110
53,5036
53,5080
53,5073
53,5131
54,5160
54,5149
54,5160
54,5147
54,5159
54,5157
54,5158
54,5152
54,5156
54,5135
55,5186
55,5228
55,5242
55,5224
55,5224
55,5192
55,5216
55,5188
55,5178
55,5207
56,5288
56,5309
56,5362
56,5339
56,5262
56,5358
56,5295
56,5302
56,5363
56,5352
57,5463
57,5425
57,5407
57,5407
57,5427
57,5452
57,5468
57,5378
57,5468
57,5374
58,5494
58,5475
58,5499
58,5534
58,5522
58,5492
58,5500
58,5481
58,5525
58,5513
59,5605
59,5647
59,5619
59,5568
59,5580
59,5648
59,5660
59,5609
59,5581
59,5624
60,5701
60,5673
60,5735
60,5671
60,5687
60,5677
60,5691
60,5675
60,5704
60,5714
61,5792
61,5786
61,5762
61,5793
61,5793
61,5829
61,5778
61,5829
61,5822
61,5815
62,5904
62,5943
62,5876
62,5867
62,5916
62,5874
62,5874
62,5906
62,5888
62,5873
63,6045
63,25426
63,5988
63,5957
63,6008
63,6003
63,5964
63,5976
63,5974
63,5960
64,6089
64,6109
64,6060
64,6058
64,6066
64,6060
64,6094
64,6087
64,6127
64,6055
65,6197
65,6135
65,6177
65,6219
65,6143
65,6179
65,6204
65,6148
65,6175
65,6148
66,6256
66,6299
66,6259
66,6278
66,6252
66,6306
66,6245
66,6300
66,6282
66,6282
67,6323
67,6309
67,6342
67,6315
67,6383
67,6313
67,6383
67,6368
67,6360
67,6365
68,6492
68,6488
68,6457
68,6412
68,6426
68,6494
68,6477
68,6434
68,6447
68,6476
69,6504
69,6595
69,6582
69,6511
69,6511
69,6542
69,6514
69,6591
69,6568
69,6514
70,6641
70,6607
70,6666
70,6697
70,6631
70,6608
70,6667
70,6675
70,6612
70,6679
71,6705
71,6801
71,6791
71,6782
71,829
71,6761
71,6725
71,6770
71,6718
71,6753
72,6856
72,6839
72,6893
72,6827
72,6882
72,6903
72,6891
72,6858
72,6826
72,6848
73,6954
73,6920
73,6941
73,6931
73,6962
73,6930
73,6987
73,6946
73,6975
73,6986
74,7029
74,7096
74,7081
74,7075
74,7072
74,7005
74,7050
74,7007
74,7015
74,7064
75,7132
75,7185
75,12509
75,7114
75,7137
75,7181
75,7157
75,7173
75,7173
75,7139
76,7204
76,7281
76,7207
76,7214
76,7270
76,7222
76,7293
76,7226
76,7219
76,7284
77,7332
77,7392
77,7395
77,7355
77,7362
77,7389
77,7350
77,7316
77,7350
77,7392
78,7489
78,7415
78,7409
78,7417
78,7490
78,7463
78,7484
78,7481
78,7483
78,7447
79,7504
79,7491
79,7507
79,7493
79,7525
79,7515
79,7521
79,7513
79,7496
79,7495
80,7617
80,7570
80,7623
80,7542
80,7567
80,7567
80,7571
80,7534
80,7558
80,7620
81,7708
81,7701
81,12580
81,7691
81,7691
81,7689
81,7705
81,7685
81,7629
81,7683
82,7828
82,7763
82,7729
82,7777
82,7780
82,7733
82,7808
82,7808
82,7743
82,7800
83,7917
83,7845
83,7885
83,7849
83,7915
83,28479
83,7882
83,7882
83,7843
83,7899
84,7952
84,7934
84,8011
84,8014
84,7973
84,7997
84,7934
84,7999
84,8012
84,8010
85,8087
85,8107
85,8104
85,8035
85,8124
85,8124
85,8036
85,8037
85,8103
85,8042
86,8162
86,8163
86,8164
86,8199
86,8164
86,8135
86,8154
86,8134
86,8185
86,8198
87,8295
87,8294
87,8226
87,8317
87,8255
87,8272
87,8293
87,8258
87,8227
87,8261
88,8390
88,8389
88,8344
88,8349
88,8324
88,8404
88,8365
88,8356
88,8350
88,8391
89,8474
89,8474
89,8522
89,8526
89,8486
89,8432
89,8513
89,8464
89,8505
89,8448
90,8581
90,8595
90,8598
90,8559
90,8559
90,8561
90,8588
90,8537
90,8564
90,8606
91,8627
91,8647
91,8700
91,8697
91,8646
91,8641
91,8643
91,8696
91,8667
91,8681
92,8722
92,8763
92,8752
92,8758
92,8726
92,8790
92,8754
92,8788
92,8783
92,8718
93,8885
93,8814
93,8840
93,8840
93,8822
93,8825
93,8814
93,8826
93,8865
93,8864
94,8934
94,8947
94,8947
94,8892
94,8976
94,8966
94,8994
94,8993
94,8922
94,8920
95,9026
95,9014
95,9042
95,9023
95,9047
95,9065
95,8999
95,9009
95,9066
95,9066
96,9148
96,9122
96,9133
96,9186
96,9194
96,9146
96,9173
96,9118
96,9113
96,9190
97,9253
97,9261
97,9298
97,9225
97,9221
97,9269
97,9213
97,9215
97,9213
97,9274
98,9333
98,9345
98,9318
98,9332
98,9339
98,9378
98,9396
98,9377
98,9397
98,9397
99,9458
99,9431
99,9407
99,9456
99,9461
99,9489
99,9412
99,9438
99,9438
99,9413
100,9512
100,9576
100,9564
100,9582
100,9517
100,9574
100,9555
100,9554
100,9521
100,9538
101,9705
101,9666
101,9713
101,9618
101,9685
101,9623
101,9627
101,9685
101,9621
101,9651
102,9760
102,9798
102,10011
102,9760
102,9780
102,9796
102,9796
102,9818
102,26442
102,9783
103,9889
103,9909
103,9897
103,9900
103,9862
103,9836
103,9862
103,9832
103,9884
103,9877
104,9927
104,10006
104,9944
104,9961
104,9996
104,10007
104,9992
104,9940
104,9978
104,9932
105,10084
105,10083
105,10061
105,10050
105,10052
105,10021
105,10057
105,10024
105,10050
105,10066
106,10131
106,10167
106,10194
106,10179
106,10192
106,10158
106,10139
106,10121
106,10121
106,10164
107,10270
107,10238
107,10290
107,10286
107,10290
107,10236
107,10246
107,10302
107,10253
107,10259
108,10335
108,10408
108,10326
108,10326
108,10414
108,10388
108,10331
108,10363
108,10372
108,10387
109,10464
109,10446
109,10446
109,10472
109,10505
109,10452
109,10470
109,10419
109,10489
109,10421
110,10568
110,10591
110,10529
110,10613
110,10544
110,10581
110,10550
110,10563
110,10570
110,10559
111,10646
111,10661
111,10689
111,10650
111,10684
111,10661
111,10694
111,10654
111,10634
111,10699
112,10769
112,10781
112,10736
112,10741
112,10734
112,10802
112,10769
112,10764
112,10731
112,10710
113,10853
113,10815
113,10882
113,10888
113,10880
113,10883
113,10902
113,10839
113,10835
113,10869
114,10922
114,10956
114,11010
114,11010
114,11000
114,10978
114,10966
114,10995
114,10931
114,10978
115,11039
115,11049
115,11021
115,11041
115,11050
115,11072
115,11052
115,11060
115,11030
115,11025
116,11080
116,11096
116,11152
116,11129
116,11102
116,11148
116,11074
116,11097
116,11085
116,11163
117,11186
117,11218
117,11258
117,11268
117,11180
117,11228
117,11211
117,11228
117,11246
117,11189
118,11289
118,11279
118,11378
118,11298
118,11279
118,11287
118,11334
118,11351
118,11362
118,11284
119,11407
119,11423
119,11468
119,11383
119,11481
119,11409
119,11419
119,11390
119,11422
119,11436
120,11498
120,11560
120,11547
120,11514
120,11536
120,11559
120,11519
120,11559
120,11495
120,11576
121,11641
121,11616
121,11587
121,11687
121,11637
121,11657
121,11657
121,11600
121,11628
121,11682
122,11691
122,11742
122,11708
122,11708
122,11717
122,11749
122,11788
122,11716
122,11699
122,11768
123,11802
123,11810
123,11810
123,11836
123,11814
123,11798
123,11814
123,11828
123,11811
123,11798
124,11942
124,11942
124,11948
124,11940
124,11925
124,11940
124,11921
124,11919
124,11895
124,11930
125,12046
125,11971
125,12058
125,12056
125,12000
125,12047
125,12047
125,11996
125,11990
125,12064
126,12135
126,12126
126,12135
126,12104
126,12104
126,12140
126,12084
126,12088
126,12075
126,12084
127,12200
127,12188
127,12178
127,12237
127,12174
127,12262
127,12260
127,12253
127,12212
127,12218
128,12306
128,12289
128,12280
128,12373
128,12362
128,12303
128,12277
128,12372
128,12274
128,12349
129,12479
129,12383
129,12451
129,12456
129,12476
129,12476
129,12389
129,12441
129,12395
129,12420
130,12503
130,12528
130,12483
130,12582
130,12505
130,12520
130,12555
130,12555
130,12566
130,12524
131,12613
131,12606
131,12625
131,12642
131,12677
131,12665
131,12677
131,12617
131,12589
131,12615
132,12749
132,12744
132,12758
132,12747
132,12709
132,12762
132,12747
132,12692
132,12722
132,12711
133,12870
133,12798
133,12785
133,12776
133,12858
133,12809
133,12783
133,12801
133,12832
133,12848
134,12972
134,12916
134,12924
134,12926
134,12958
134,12929
134,30266
134,12922
134,12904
134,12908
135,13050
135,13014
135,12994
135,13019
135,13039
135,13064
135,12993
135,13051
135,12985
135,13043
136,13096
136,13112
136,13112
136,13136
136,13149
136,13133
136,13157
136,13089
136,13074
136,13074
137,13249
137,13182
137,13221
137,13272
137,13186
137,13200
137,13240
137,13236
137,13251
137,13275
138,13311
138,13306
138,13329
138,13298
138,13335
138,13282
138,13312
138,13325
138,13285
138,13307
139,13383
139,13395
139,13399
139,13346
139,13387
139,13370
139,13432
139,13417
139,13419
139,13372
140,13522
140,13504
140,13479
140,13470
140,13467
140,13465
140,13475
140,13509
140,13506
140,13448
141,13551
141,13573
141,13551
141,13587
141,13575
141,13579
141,13589
141,13587
141,13552
141,13601
142,13661
142,13661
142,13674
142,13709
142,13674
142,13703
142,13726
142,13651
142,13651
142,13645
143,13823
143,13794
143,13810
143,13778
143,13818
143,13773
143,13786
143,13797
143,13760
143,13807
144,13921
144,13902
144,13915
144,13912
144,13857
144,13850
144,13906
144,13853
144,13902
144,13849
145,13997
145,14011
145,14030
145,14012
145,13980
145,13943
145,13978
145,13939
145,14024
145,13983
146,14088
146,14076
146,14095
146,4928
146,14127
146,14095
146,14090
146,2123
146,14136
146,14092
147,14203
147,14171
147,14168
147,14148
147,14239
147,14233
147,14233
147,14208
147,14226
147,14151
148,14272
148,14260
148,14260
148,14322
148,14290
148,14310
148,14244
148,14250
148,14270
148,14241
149,14425
149,14362
149,14348
149,14392
149,14335
149,14355
149,14335
149,14405
149,14389
149,14427
150,14446
150,14448
150,14478
150,14510
150,14490
150,14511
150,14506
150,14479
150,14435
150,14527
151,14604
151,14619
151,14545
151,14598
151,10011
151,14555
151,14557
151,14558
151,14600
151,14610
152,14673
152,14665
152,14679
152,14636
152,14685
152,14689
152,14649
152,14642
152,14683
152,14658
153,14758
153,14731
153,14696
153,14731
153,14711
153,14714
153,14759
153,14771
153,14748
153,14756
154,14808
154,14804
154,14853
154,14835
154,14789
154,14827
154,14834
154,14811
154,14857
154,14881
155,14965
155,14970
155,14894
155,14928
155,14928
155,14902
155,14894
155,14971
155,14983
155,14947
156,15077
156,14992
156,15009
156,15051
156,15059
156,15064
156,15026
156,15005
156,15040
156,15001
157,15151
157,15111
157,15131
157,15109
157,15173
157,15099
157,15180
157,15181
157,15173
157,15175
158,15276
158,15250
158,15250
158,15202
158,15261
158,15290
158,15262
158,15220
158,15212
158,15215
159,15324
159,15326
159,15313
159,15313
159,15360
159,15361
159,15303
159,15321
159,15347
159,15296
160,15455
160,15444
160,15434
160,15396
160,15409
160,15409
160,15414
160,15467
160,15398
160,15467
161,15537
161,15546
161,15546
161,15471
161,15565
161,15520
161,15555
161,15488
161,15482
161,15531
162,15610
162,15576
162,15575
162,15623
162,15623
162,15602
162,15644
162,15622
162,15583
162,15593
163,15716
163,15754
163,15662
163,15745
163,15751
163,15731
163,15712
163,15697
163,15738
163,15705
164,15831
164,15820
164,15855
164,15793
164,15820
164,15861
164,15862
164,15817
164,15769
164,15848
165,15881
165,15930
165,15887
165,15933
165,15921
165,15869
165,15887
165,15885
165,15949
165,15911
166,15963
166,16036
166,16027
166,16034
166,16006
166,15993
166,15973
166,15968
166,15956
166,15979
167,16068
167,16116
167,16083
167,16088
167,16104
167,16107
167,16041
167,16107
167,16064
167,16059
168,16182
168,16162
168,16219
168,16157
168,16153
168,16177
168,16221
168,16205
168,16151
168,16157
169,16258
169,16278
169,16310
169,16266
169,16233
169,16311
169,16311
169,16242
169,16246
169,16318
170,16408
170,16361
170,16368
170,16384
170,16390
170,16348
170,16375
170,16378
170,16389
170,16391
171,16526
171,16446
171,16478
171,16478
171,16492
171,16484
171,16482
171,16518
171,16431
171,16433
172,16588
172,16538
172,16556
172,16606
172,16602
172,16611
172,16605
172,16582
172,16605
172,7198
173,16680
173,16648
173,16701
173,16709
173,16628
173,16652
173,16638
173,16653
173,16686
173,16639
174,16747
174,16807
174,16761
174,16786
174,16783
174,16814
174,16799
174,16752
174,16732
174,16754
175,16841
175,16917
175,16879
175,16837
175,16850
175,16913
175,16913
175,16840
175,16902
175,16867
176,16978
176,16921
176,16987
176,16938
176,16948
176,16948
176,16974
176,16928
176,16993
176,16965
177,17059
177,17015
177,17044
177,17035
177,20268
177,17022
177,17061
177,17092
177,17028
177,17023
178,17121
178,17114
178,17188
178,17114
178,17174
178,17118
178,17155
178,17176
178,17152
178,17140
179,17264
179,17277
179,17260
179,17293
179,17295
179,17215
179,17296
179,17229
179,17248
179,17276
180,17354
180,17357
180,17362
180,17338
180,17362
180,17391
180,17378
180,17321
180,17315
180,17315
181,17500
181,17471
181,17419
181,17495
181,17495
181,17483
181,17483
181,17458
181,17413
181,17456
182,17534
182,17571
182,17574
182,17592
182,17594
182,17595
182,17555
182,17584
182,17552
182,17509
183,17672
183,17648
183,17653
183,17630
183,17663
183,17665
183,17684
183,17625
183,17654
183,17610
184,17803
184,17777
184,17709
184,17795
184,17724
184,17773
184,17716
184,17801
184,17766
184,17760
185,17806
185,17882
185,17871
185,17866
185,17806
185,17825
185,17891
185,17867
185,17819
185,3763
186,17900
186,17910
186,17909
186,17917
186,17914
186,17923
186,13327
186,17920
186,17905
186,17922
187,17925
187,17925
187,17946
187,17926
187,18017
187,17975
187,17976
187,18008
187,17999
187,18005
188,18106
188,18087
188,18052
188,18062
188,18127
188,18111
188,18097
188,18061
188,18042
188,18047
189,18220
189,18185
189,18164
189,18185
189,18174
189,18158
189,18134
189,18221
189,18143
189,18215
190,18299
190,18257
190,18287
190,18310
190,18310
190,18316
190,18278
190,29395
190,18315
190,18256
191,18416
191,18362
191,18397
191,18360
191,18421
191,18421
191,18408
191,18400
191,18400
191,18414
192,18434
192,18467
192,18454
192,18479
192,18500
192,18439
192,18498
192,18439
192,18471
192,18464
193,18593
193,18578
193,18593
193,18590
193,18564
193,18570
193,18623
193,18542
193,18538
193,18536
194,18644
194,18644
194,18658
194,18713
194,18730
194,18634
194,18690
194,18722
194,18708
194,18664
195,18737
195,18788
195,18783
195,18805
195,18808
195,18750
195,18792
195,5410
195,18750
195,18748
196,18871
196,18862
196,18861
196,18859
196,18927
196,18909
196,18932
196,18924
196,18909
196,18852
197,18934
197,18975
197,19001
197,18974
197,18970
197,18954
197,18935
197,18944
197,18985
197,18935
198,19060
198,19023
198,19078
198,19064
198,19078
198,19095
198,19065
198,19094
198,19086
198,19088
199,19133
199,19210
199,19129
199,19203
199,19187
199,19116
199,19206
199,19154
199,19170
199,19157
200,19222
200,19271
200,19225
200,19221
200,19264
200,19283
200,19271
200,19255
200,19269
200,19293
201,19389
201,19400
201,19358
201,19334
201,19382
201,19375
201,19400
201,19348
201,19309
201,19323
202,19405
202,19474
202,19405
202,19466
202,19472
202,19453
202,19467
202,19456
202,19475
202,19480
203,3130
203,19573
203,19555
203,19514
203,19511
203,19592
203,19514
203,19519
203,19516
203,19527
204,19693
204,19648
204,19673
204,19681
204,19618
204,19681
204,19642
204,19682
204,19682
204,19641
205,19742
205,19738
205,19741
205,19788
205,19741
205,19735
205,19752
205,19747
205,19755
205,19702
206,19816
206,19861
206,19900
206,19888
206,19876
206,19841
206,19872
206,19841
206,19805
206,19837
207,19908
207,19912
207,19926
207,19904
207,19933
207,19929
207,19931
207,19918
207,19931
207,19910
208,20023
208,20029
208,19986
208,19987
208,19954
208,18330
208,19969
208,19954
208,19995
208,19949
209,20098
209,20098
209,20066
209,20100
209,20076
209,20072
209,20044
209,20100
209,20129
209,20129
210,20170
210,20198
210,20225
210,20225
210,20135
210,20215
210,20198
210,20228
210,20168
210,20171
211,20247
211,20255
211,20255
211,20289
211,20329
211,20254
211,2232
211,20236
211,20321
211,20315
212,20399
212,20359
212,20421
212,20422
212,20405
212,20392
212,20347
212,20387
212,20360
212,20370
213,20457
213,20488
213,20494
213,20510
213,20524
213,20529
213,20517
213,20484
213,20517
213,20503
214,20599
214,20539
214,20623
214,20539
214,20586
214,20611
214,20589
214,20560
214,20577
214,20601
215,20705
215,20653
215,20656
215,20655
215,20655
215,20695
215,20739
215,20736
215,20704
215,20736
216,20816
216,20798
216,20801
216,34068
216,20829
216,20783
216,20787
216,20762
216,20796
216,5373
217,20846
217,20923
217,20890
217,20929
217,20837
217,20921
217,20906
217,20849
217,20863
217,20936
218,20947
218,20991
218,20974
218,20974
218,20958
218,20976
218,20956
218,20964
218,20997
218,21004
219,21041
219,21035
219,21126
219,21084
219,21116
219,21093
219,21058
219,21073
219,21089
219,21034
220,21136
220,21222
220,21147
220,21144
220,21188
220,21139
220,21204
220,21192
220,21215
220,21159
221,21246
221,21258
221,21292
221,21258
221,21231
221,21299
221,21235
221,21319
221,21294
221,21253
222,21329
222,21347
222,21379
222,21382
222,21407
222,21360
222,21416
222,21401
222,21339
222,21409
223,21507
223,21448
223,21423
223,21429
223,21432
223,21486
223,21480
223,21461
223,21436
223,21452
224,21518
224,21519
224,21603
224,21515
224,21585
224,21585
224,21558
224,21570
224,21558
224,21593
225,21672
225,21704
225,21697
225,21694
225,21655
225,21680
225,21680
225,21647
225,21683
225,21621
226,21751
226,21741
226,21726
226,21760
226,21709
226,21728
226,21731
226,21807
226,21791
226,21769
227,21888
227,21833
227,21872
227,21829
227,21906
227,21911
227,21847
227,21900
227,21864
227,21819
228,21915
228,21951
228,21937
228,21937
228,21949
228,21929
228,21929
228,21923
228,21922
228,21923
229,22063
229,21981
229,21972
229,21978
229,22035
229,22000
229,21995
229,21966
229,22046
229,21955
230,22073
230,22056
230,22130
230,22075
230,22111
230,22093
230,22066
230,22087
230,22120
230,22083
231,22224
231,22224
231,22062
231,22233
231,22160
231,22150
231,22240
231,22198
231,22196
231,22225
232,22290
232,11122
232,22258
232,22258
232,22299
232,22259
232,22321
232,22323
232,22322
232,22287
233,22405
233,22352
233,22346
233,22346
233,22329
233,22341
233,22364
233,22328
233,22388
233,22412
234,22446
234,22489
234,22452
234,22424
234,22504
234,22447
234,22442
234,22501
234,22465
234,22501
235,22539
235,22542
235,22530
235,22514
235,22536
235,22510
235,22513
235,22535
235,22513
235,22527
236,22637
236,22572
236,22572
236,22612
236,22599
236,22593
236,22624
236,22632
236,22625
236,22550
237,22684
237,22727
237,22675
237,22690
237,22733
237,22735
237,22738
237,22646
237,22715
237,22735
238,22793
238,22750
238,22829
238,22760
238,22810
238,22820
238,22795
238,22807
238,22776
238,22749
239,22882
239,22874
239,22861
239,22910
239,22895
239,22867
239,22908
239,22899
239,17625
239,22843
240,23018
240,23011
240,23024
240,22944
240,23034
240,22977
240,23021
240,22973
240,23033
240,23031
241,23133
241,23079
241,23054
241,23053
241,23074
241,23067
241,23056
241,23063
241,23106
241,23076
242,23204
242,23207
242,23215
242,23151
242,23218
242,23164
242,23142
242,23163
242,23144
242,23228
243,23286
243,23319
243,23295
243,23282
243,23306
243,23263
243,23263
243,23248
243,23329
243,23284
244,23352
244,23427
244,23352
244,23421
244,23373
244,23398
244,23374
244,23420
244,23402
244,23399
245,23455
245,23465
245,23528
245,23455
245,23466
245,23462
245,23467
245,23466
245,23475
245,23522
246,23556
246,23646
246,23653
246,23559
246,23653
246,23666
246,23648
246,23587
246,23624
246,23600
247,23718
247,23703
247,23696
247,23684
247,23686
247,23688
247,23675
247,23710
247,23723
247,23690
248,23784
248,23753
248,23749
248,23749
248,23772
248,23778
248,23804
248,23767
248,23816
248,23816
249,23836
249,23825
249,23853
249,23911
249,23834
249,23875
249,23874
249,23833
249,23875
249,23868
250,23960
250,23999
250,24004
250,24010
250,23954
250,23966
250,23969
250,23950
250,23948
250,24005
251,24063
251,24059
251,24058
251,24115
251,24058
251,24051
251,24041
251,24049
251,24037
251,24071
252,24131
252,24149
252,24176
252,24187
252,24214
252,24207
252,24150
252,24179
252,24202
252,24216
253,24236
253,24316
253,24317
253,24268
253,24314
253,24317
253,24300
253,24264
253,24268
253,24266
254,24344
254,24349
254,24345
254,24351
254,24333
254,24355
254,24346
254,24352
254,24357
254,24354
255,24432
255,24431
255,24400
255,24414
255,24470
255,24468
255,24480
255,24480
255,24445
255,24390
256,24537
256,24505
256,24531
256,24547
256,24555
256,24561
256,24525
256,24547
256,24497
256,24525
257,24621
257,24599
257,24659
257,24659
257,24673
257,24671
257,24665
257,24602
257,24678
257,24627
258,24746
258,24743
258,24690
258,24724
258,24688
258,24687
258,24712
258,24686
258,24763
258,24781
259,24855
259,24853
259,24787
259,24797
259,24878
259,24859
259,24882
259,24874
259,24788
259,24836
260,24936
260,24962
260,24933
260,24979
260,24971
260,24983
260,24956
260,24937
260,24915
260,24937
261,25061
261,25078
261,24990
261,25064
261,25049
261,25003
261,25013
261,25006
261,24998
261,24988
262,25175
262,25147
262,25146
262,25170
262,25176
262,25149
262,25158
262,25106
262,25165
262,25135
263,25219
263,25251
263,25260
263,25187
263,25212
263,25200
263,25237
263,25236
263,25271
263,25201
264,25287
264,25349
264,25306
264,25357
264,25310
264,25281
264,25289
264,25284
264,25303
264,25334
265,25446
265,25378
265,25407
265,25424
265,25396
265,25388
265,25387
265,25452
265,25422
265,25422
266,25500
266,25470
266,25495
266,25476
266,25540
266,25489
266,25527
266,25479
266,25544
266,25467
267,25569
267,25578
267,25574
267,25570
267,25570
267,25558
267,25575
267,25563
267,25565
267,25549
268,25605
268,25603
268,25590
268,25590
268,25595
268,25605
268,25588
268,25621
268,25589
268,25633
269,25645
269,25643
269,25729
269,25733
269,25729
269,25663
269,25665
269,25675
269,4452
269,25679
270,25774
270,25806
270,25762
270,25805
270,25832
270,25773
270,25805
270,25791
270,25818
270,25746
271,25907
271,25902
271,25848
271,25869
271,25872
271,25846
271,25940
271,25882
271,25864
271,25940
272,25999
272,26030
272,26030
272,25960
272,25957
272,25947
272,25962
272,26032
272,14518
272,25969
273,26062
273,26107
273,26103
273,26087
273,26073
273,26049
273,26098
273,26113
273,26087
273,26109
274,26208
274,26156
274,26189
274,26148
274,26157
274,26196
274,26160
274,26155
274,26166
274,26158
275,26243
275,26217
275,26221
275,26281
275,26290
275,26290
275,26315
275,26285
275,26316
275,26283
276,26368
276,26369
276,26352
276,26350
276,26382
276,26343
276,26331
276,26352
276,26327
276,26407
277,26446
277,26472
277,26453
277,26437
277,26449
277,26440
277,26501
277,26460
277,26500
277,26474
278,26563
278,26581
278,26560
278,26586
278,26594
278,26589
278,26587
278,26571
278,26585
278,26609
279,26645
279,26660
279,26636
279,26634
279,26630
279,26629
279,26676
279,26694
279,26657
279,26634
280,26735
280,26723
280,26741
280,26708
280,26739
280,26711
280,26715
280,26711
280,26710
280,26736
281,26775
281,26836
281,26836
281,26821
281,26821
281,26785
281,26790
281,26790
281,26779
281,26765
282,26852
282,26934
282,26911
282,26878
282,26852
282,26903
282,26886
282,26854
282,26897
282,26886
283,27013
283,27003
283,27012
283,27012
283,26964
283,27032
283,27003
283,26983
283,26983
283,26960
284,27059
284,27059
284,27084
284,27084
284,27119
284,27077
284,27123
284,27080
284,27076
284,27099
285,27221
285,27227
285,27209
285,27227
285,27183
285,27235
285,27198
285,27228
285,27213
285,27236
286,27289
286,27247
286,27298
286,27299
286,27247
286,27334
286,27293
286,27331
286,27325
286,27276
287,27351
287,27370
287,27409
287,27354
287,27427
287,27367
287,27434
287,27395
287,27422
287,27358
288,27474
288,27475
288,27491
288,27498
288,27526
288,27512
288,27534
288,27481
288,27460
288,27485
289,27567
289,27619
289,27588
289,27601
289,27581
289,27553
289,27590
289,27593
289,27564
289,27543
290,27669
290,27698
290,27648
290,27741
290,27707
290,27730
290,27736
290,27730
290,27675
290,27698
291,27838
291,27840
291,27780
291,27789
291,27849
291,27813
291,27765
291,27765
291,27851
291,27784
292,27860
292,27864
292,27945
292,27914
292,27881
292,26480
292,27925
292,27868
292,27869
292,27905
293,28055
293,27968
293,28025
293,28044
293,27981
293,28046
293,28039
293,28024
293,27966
293,27976
294,28086
294,28155
294,28155
294,28077
294,28075
294,28099
294,28100
294,28082
294,28138
294,28103
295,28206
295,28206
295,28246
295,28257
295,28208
295,28201
295,28259
295,28240
295,28223
295,28250
296,28366
296,28316
296,28294
296,28281
296,28273
296,28281
296,28346
296,28276
296,28330
296,28353
297,28419
297,28453
297,28414
297,28448
297,28396
297,28474
297,28433
297,28431
297,28435
297,28472
298,28546
298,28517
298,28492
298,28485
298,28485
298,28519
298,28480
298,28564
298,28564
298,28511
299,28632
299,28611
299,28629
299,28606
299,28645
299,28615
299,28618
299,28644
299,28588
299,28592
300,28732
300,28716
300,28702
300,28747
300,28660
300,28728
300,28690
300,28728
300,28682
300,28674
301,28823
301,28831
301,28792
301,28774
301,28824
301,28802
301,28756
301,28768
301,28778
301,28773
302,28915
302,28846
302,28915
302,28854
302,28899
302,28898
302,28918
302,28887
302,28929
302,28900
303,29005
303,29030
303,29013
303,29021
303,28956
303,29022
303,29036
303,28948
303,29001
303,29003
304,29097
304,29097
304,29063
304,29093
304,29109
304,29052
304,29063
304,29085
304,29102
304,29103
305,29218
305,29140
305,29218
305,29159
305,29202
305,29208
305,29131
305,29193
305,29168
305,29126
306,29270
306,29232
306,29237
306,29236
306,29307
306,29284
306,29238
306,29260
306,29251
306,29302
307,29351
307,29410
307,29392
307,29392
307,29349
307,29349
307,29354
307,29358
307,29404
307,29359
308,29496
308,29447
308,29515
308,29470
308,29470
308,29495
308,29457
308,29498
308,29464
308,29459
309,29535
309,29609
309,29610
309,29554
309,29547
309,29604
309,29582
309,29571
309,29571
309,29577
310,29639
310,29628
310,29648
310,29626
310,29673
310,29694
310,29692
310,29703
310,29661
310,29663
311,29771
311,29745
311,29734
311,29734
311,29799
311,29729
311,29759
311,29792
311,29709
311,29740
312,29839
312,24161
312,29873
312,29838
312,29870
312,29876
312,29889
312,24131
312,29889
312,29857
313,29986
313,29910
313,29956
313,29945
313,29953
313,29921
313,29973
313,29979
313,29917
313,29920
314,30075
314,30060
314,30043
314,30029
314,30041
314,30042
314,30040
314,30033
314,30036
314,30020
315,30125
315,30135
315,30098
315,30149
315,30157
315,30142
315,30160
315,30107
315,30139
315,30104
316,30221
316,30229
316,30241
316,30183
316,30229
316,30193
316,30230
316,30231
316,36301
316,30181
317,30304
317,30252
317,30297
317,30269
317,30297
317,30338
317,30305
317,30329
317,30327
317,30336
318,30407
318,30367
318,30450
318,30378
318,30365
318,30374
318,30409
318,30414
318,30417
318,30448
319,30455
319,30474
319,30532
319,11631
319,30473
319,30483
319,30479
319,30546
319,30524
319,30456
320,30609
320,30558
320,30632
320,30631
320,30593
320,30641
320,30617
320,30617
320,30588
320,30615
321,30737
321,30739
321,30734
321,30668
321,30667
321,30748
321,30691
321,30703
321,30735
321,30714
322,30771
322,30829
322,30829
322,30786
322,30780
322,30814
322,30818
322,30764
322,30755
322,30850
323,30879
323,30858
323,30955
323,30923
323,30865
323,30865
323,30920
323,30875
323,30958
323,30875
324,6052
324,30981
324,31018
324,30983
324,30971
324,30971
324,31039
324,31070
324,30980
324,31048
325,31097
325,31081
325,31095
325,31081
325,31090
325,31129
325,31107
325,31090
325,31076
325,31156
326,31199
326,31180
326,31180
326,31256
326,31189
326,31231
326,31269
326,31240
326,31234
326,31192
327,31357
327,31329
327,31327
327,31324
327,31303
327,31288
327,31345
327,31315
327,31331
327,31293
328,31384
328,31402
328,31381
328,31386
328,31369
328,31385
328,31385
328,31381
328,31374
328,31374
329,31458
329,31437
329,31432
329,31480
329,31441
329,31441
329,31493
329,31462
329,31510
329,31519
330,31620
330,31560
330,31553
330,31622
330,31607
330,31571
330,31617
330,31578
330,31575
330,31606
331,31672
331,31712
331,31641
331,31628
331,31713
331,31676
331,31667
331,31695
331,31669
331,31669
332,31779
332,31793
332,31806
332,31776
332,31730
332,31790
332,31788
332,31746
332,31766
332,31806
333,31896
333,31908
333,31865
333,31872
333,31865
333,31841
333,31902
333,31836
333,31880
333,31898
334,31982
334,32024
334,31971
334,32019
334,31996
334,31995
334,31976
334,32018
334,31995
334,31965
335,32100
335,32124
335,32128
335,32121
335,32049
335,32052
335,32102
335,32113
335,32084
335,32122
336,32138
336,32169
336,32169
336,32178
336,32168
336,32142
336,32184
336,32149
336,32156
336,32156
337,32300
337,32295
337,32311
337,32269
337,32299
337,32292
337,32235
337,32271
337,32267
337,32325
338,32358
338,32337
338,32371
338,32378
338,21289
338,32415
338,32353
338,32418
338,32370
338,32418
339,32490
339,32498
339,32518
339,32461
339,32494
339,32496
339,32501
339,32480
339,32449
339,32459
340,32625
340,32616
340,32637
340,32550
340,32651
340,32637
340,32552
340,32618
340,32610
340,32556
341,32676
341,18401
341,32714
341,32694
341,32652
341,32674
341,32705
341,32675
341,32717
341,32733
342,32780
342,32780
342,32796
342,32798
342,32798
342,32824
342,274
342,32773
342,32777
342,32781
343,32857
343,32894
343,32904
343,32908
343,32908
343,32900
343,32829
343,32909
343,32838
343,32859
344,32941
344,32941
344,32969
344,32973
344,32945
344,32999
344,32975
344,32997
344,32972
344,32992
345,33058
345,33059
345,33069
345,33074
345,33079
345,33082
345,33087
345,33057
345,33035
345,33066
346,33123
346,33199
346,33204
346,33135
346,33121
346,33107
346,33118
346,33173
346,33106
346,33193
347,33268
347,33269
347,33292
347,33278
347,33297
347,33238
347,33226
347,33291
347,33232
347,33261
348,33322
348,33320
348,33353
348,33314
348,33309
348,33395
348,33373
348,33401
348,33386
348,33316
349,33455
349,33442
349,33417
349,33498
349,33506
349,33466
349,33485
349,33484
349,33466
349,33485
350,33561
350,33543
350,33544
350,33529
350,33532
350,33517
350,33516
350,33556
350,33537
350,33551
351,33607
351,33621
351,33588
351,33658
351,33576
351,33629
351,33658
351,33577
351,33619
351,33587
352,33732
352,33757
352,33753
352,33745
352,33702
352,13443
352,33753
352,5881
352,33713
352,33690
353,33811
353,33852
353,33808
353,33767
353,33781
353,33797
353,33860
353,33845
353,33840
353,33773
354,33905
354,33950
354,33903
354,33931
354,33931
354,33880
354,33881
354,33965
354,33928
354,33872
355,34041
355,34002
355,33999
355,34020
355,33999
355,33995
355,33997
355,34025
355,34006
355,34034
356,34114
356,34103
356,34129
356,34147
356,34125
356,34125
356,34126
356,34086
356,34085
356,34117
357,34214
357,34193
357,34214
357,34168
357,34226
357,34183
357,34228
357,34228
357,34174
357,34186
358,34256
358,34252
358,34295
358,34316
358,34331
358,34301
358,34305
358,34282
358,34343
358,34262
359,34418
359,34398
359,34382
359,34404
359,34390
359,34389
359,34413
359,34376
359,34383
359,34391
360,34489
360,34493
360,34493
360,34509
360,34458
360,34506
360,34515
360,34515
360,34454
360,34465
361,34543
361,34572
361,34530
361,34574
361,34573
361,34608
361,34604
361,34534
361,34572
361,34606
362,34626
362,34652
362,34689
362,34665
362,34631
362,34659
362,34688
362,34679
362,34649
362,34624
363,34711
363,34762
363,34694
363,34731
363,34749
363,34710
363,16472
363,14167
363,9530
363,34757
364,34784
364,34776
364,34809
364,34804
364,34785
364,34816
364,34800
364,34783
364,34828
364,34810
365,34920
365,34889
365,34834
365,34900
365,34911
365,34911
365,34831
365,34859
365,34875
365,34921
366,34941
366,34966
366,34999
366,34999
366,35015
366,34945
366,35015
366,34995
366,35009
366,34992
367,35091
367,35025
367,35040
367,35112
367,35103
367,35123
367,35068
367,35088
367,35049
367,35104
368,35225
368,35164
368,35141
368,35230
368,35221
368,37917
368,35126
368,35135
368,35141
368,35167
369,35301
369,35320
369,35288
369,35311
369,35256
369,35234
369,35251
369,35315
369,35300
369,35234
370,35386
370,35362
370,35351
370,35362
370,35347
370,35342
370,35381
370,35359
370,35350
370,35374
371,35411
371,35393
371,35401
371,35474
371,35474
371,35459
371,35451
371,35458
371,35412
371,35412
372,35509
372,35560
372,35558
372,35522
372,35544
372,35556
372,35552
372,35503
372,35556
372,35504
373,35642
373,35577
373,35642
373,35588
373,35633
373,35570
373,35628
373,35585
373,35581
373,35581
374,35662
374,35691
374,35685
374,35671
374,35693
374,35696
374,35693
374,35680
374,35694
374,35686
375,35771
375,35775
375,35737
375,35727
375,35737
375,35763
375,35739
375,35721
375,35764
375,35714
376,35876
376,35821
376,35799
376,35813
376,35838
376,35833
376,35808
376,35846
376,35861
376,35826
377,35953
377,35980
377,35948
377,35882
377,35922
377,35902
377,35937
377,35978
377,35943
377,35898
378,36016
378,36037
378,36037
378,36028
378,36044
378,36043
378,36005
378,36005
378,35992
378,36078
379,36142
379,36115
379,36166
379,36133
379,36124
379,36115
379,36148
379,36108
379,36131
379,36171
380,36224
380,36222
380,36280
380,36199
380,36240
380,36187
380,36201
380,36196
380,36196
380,36237
381,36377
381,36299
381,36299
381,36358
381,36383
381,36388
381,36306
381,36324
381,36383
381,36321
382,36417
382,13085
382,36453
382,36440
382,36453
382,36449
382,36475
382,36390
382,36454
382,36429
383,36540
383,36563
383,36486
383,36499
383,36482
383,36558
383,36544
383,36571
383,36533
383,36520
384,36661
384,36657
384,36679
384,36671
384,36668
384,36660
384,36611
384,36631
384,36679
384,36674
385,36748
385,36758
385,36694
385,36708
385,36724
385,36695
385,36720
385,36750
385,36722
385,36728
386,36877
386,36868
386,36857
386,36801
386,36869
386,36834
386,36859
386,36814
386,36886
386,36828
387,36986
387,36940
387,36923
387,36932
387,36922
387,36945
387,36941
387,36928
387,36941
387,36926
388,37003
388,36995
388,37064
388,37047
388,36989
388,37028
388,36995
388,37091
388,37047
388,37052
389,37183
389,37103
389,37108
389,37110
389,37135
389,37148
389,37189
389,37181
389,37121
389,37143
390,37228
390,37254
390,37270
390,37213
390,37213
390,37273
390,37273
390,37224
390,37212
390,37266
391,37310
391,37354
391,37316
391,37374
391,37380
391,37344
391,37357
391,37351
391,37304
391,37376
392,37456
392,37450
392,37444
392,37439
392,37388
392,37422
392,37466
392,37434
392,37434
392,37462
393,37503
393,37585
393,37566
393,37539
393,37547
393,37536
393,37561
393,37580
393,37527
393,37535
394,37600
394,37608
394,37682
394,37608
394,37612
394,37636
394,37682
394,10792
394,37649
394,37686
395,37724
395,37735
395,37762
395,37690
395,37748
395,37764
395,37690
395,37730
395,37708
395,37747
396,37792
396,37800
396,37800
396,37817
396,37798
396,37796
396,37798
396,37791
396,37814
396,37825
397,37913
397,37868
397,37880
397,37892
397,37841
397,37868
397,37906
397,37883
397,37906
397,37845
398,37933
398,37952
398,37957
398,37997
398,37963
398,37979
398,29796
398,37920
398,37995
398,37922
399,38015
399,38112
399,38019
399,38020
399,38056
399,38102
399,38070
399,38053
399,38040
399,38043
